Startcoord	Höhe	Breite

4584|670	25	71
4654|694	25	23
4676|718	25	72
4747|742	25	71
4817|776	54	24
4594|537	17	60
4575|524	14	20
4561|504	20	15
4954|597	163	16
4969|759	26	33
5001|784	27	1

575|646		25	4010

505|670		25	71
482|694		24	25
412|718		25	71
342|742		25	71
319|766		44	24
182|597		167	23
157|763		27	26
157|789		24	1
506|529		24	71
577|497		33	24

1401|622	25	24
1422|574	49	48
1469|598	49	48
2184|622	25	93
2206|598	25	49
2523|570	3	120
2885|622	25	93
2907|598	25	49
3645|598	49	48
3692|574	49	48
3737|622	25	24

